1585031056
1585031087
1585031125
1585031158
1585031189
1585031236
1585031282
1585031313
1585031344
1585031372
1585031404
1585031433
1585031482
1585031530
1585031562
1585031592
1585031622
1585031669
1585031715
1585031757
1585031789
1585031820
1585031851
1585031905
1585031942
1585031970
1585032000
1585032030
1585032076
1585032107
1585032152
1585032183
1585032212
1585032261
1585032291
1585032322
1585032354
1585032401
1585032431
1585032460
1585032503
1585032536
1585032582
1585032613
1585032646
1585032680
1585032708
1585032739
1585032784
1585032834
1585032868
1585032898
1585032929
1585032973
1585033004
1585033035
1585033078
1585033124
1585033161
1585033203
1585033234
1585033288
1585033348
1585033406
1585033472
1585033514
1585033550
1585033600
1585033633
1585033663
1585033696
1585033728
1585033763
1585033812
1585033860
1585033903
